   3.5246632e-01
   3.4342626e-01
   3.0540273e-01
   3.6087596e-01
   3.7856916e-01
   3.5760874e-01
   3.9451984e-01
   3.6537251e-01
   3.4503314e-01
   3.5437003e-01
   3.3149537e-01
   3.7228847e-01
   3.0423954e-01
   3.0205950e-01
   3.9310694e-01
   4.2042199e-01
   4.3298844e-01
   5.0653780e-01
   4.8734653e-01
   4.5854124e-01
   6.2798595e-01
   9.4076562e-01
   1.3091028e+00
   1.4189708e+00
   1.4878582e+00
   1.7859967e+00
   2.6047616e+00
   2.6213727e+00
   2.9264672e+00
   3.9372728e+00
   4.4176140e+00
   5.1102629e+00
   7.2779064e+00
   7.4916172e+00
   6.9119067e+00
   8.1466560e+00
   9.5867949e+00
   9.4893551e+00
   1.3251512e+01
   1.2387312e+01
   1.3156754e+01
   1.3175417e+01
   1.9343939e+01
   2.0531237e+01
   2.4382298e+01
   2.1824476e+01
   2.2484564e+01
   2.1694517e+01
   2.1271893e+01
   1.9156792e+01
   2.0684420e+01
   2.1833126e+01
   1.8916378e+01
   1.6190065e+01
   1.4477540e+01
   1.2424427e+01
   1.1709673e+01
   1.1884885e+01
   7.8371515e+00
   8.1704979e+00
   6.8031764e+00
   7.3184791e+00
   4.9863224e+00
   6.7973146e+00
   3.8583553e+00
   3.1344380e+00
   4.0300794e+00
   1.7086949e+00
   1.9753436e+00
   1.0165253e+00
   9.4637817e-01
   7.7964652e-01
   5.5162787e-01
   5.7457680e-01
   4.4691885e-01
   3.5504103e-01
   4.0185511e-01
   4.1077730e-01
   3.2472619e-01
   3.2115993e-01
   3.4631750e-01
   4.1129595e-01
