   3.1859797e-01
   3.0943698e-01
   3.3985838e-01
   3.9750543e-01
   4.6108288e-01
   3.9134005e-01
   3.5920504e-01
   3.0750871e-01
   3.6987966e-01
   4.5107517e-01
   4.7581026e-01
   3.1101003e-01
   2.9791728e-01
   3.5829723e-01
   3.5783067e-01
   3.5874435e-01
   4.7596374e-01
   5.0748754e-01
   5.1524913e-01
   3.5519058e-01
   4.5752290e-01
   5.2150029e-01
   7.4302042e-01
   1.1324866e+00
   1.4245849e+00
   1.7000055e+00
   1.8998539e+00
   1.6651642e+00
   1.9142742e+00
   2.4715030e+00
   3.5227904e+00
   4.2995939e+00
   5.6803875e+00
   7.3010798e+00
   8.1588116e+00
   9.4537735e+00
   8.0906668e+00
   7.6779785e+00
   1.2807779e+01
   1.5108588e+01
   1.5661284e+01
   1.5946159e+01
   1.5772326e+01
   1.5336664e+01
   2.5984995e+01
   2.9772738e+01
   3.3653549e+01
   3.6657501e+01
   3.8737835e+01
   3.4569820e+01
   4.7414627e+01
   5.3359550e+01
   5.3612167e+01
   4.6378189e+01
   3.4305862e+01
   3.6677078e+01
   3.6773640e+01
   3.3698334e+01
   2.8096386e+01
   2.0592422e+01
   1.7732908e+01
   1.1008188e+01
   1.5317900e+01
   1.4423217e+01
   1.1980294e+01
   1.1666039e+01
   9.2087746e+00
   5.8734965e+00
   4.8469148e+00
   4.6307688e+00
   2.7144160e+00
   2.7009530e+00
   2.6861091e+00
   2.5188589e+00
   1.9998969e+00
   1.4785923e+00
   1.1490018e+00
   8.7256068e-01
   7.6743931e-01
   6.9902140e-01
   5.2530885e-01
   4.3850982e-01
   4.6601138e-01
   4.3918696e-01
   3.8484326e-01
   2.9314074e-01
   2.9366723e-01
   3.3333662e-01
   3.5394582e-01
   2.9227749e-01
   2.9283807e-01
   3.8022017e-01
   3.4272844e-01
   3.1175950e-01
   2.9771203e-01
   4.0988287e-01
   5.0151139e-01
   3.5516286e-01
   3.6536571e-01
   3.2247138e-01
   3.2868809e-01
   3.7322909e-01
