   3.1786054e-01
   2.8408670e-01
   3.0456209e-01
   3.0880710e-01
   3.6979109e-01
   3.0360481e-01
   3.0064353e-01
   3.7119043e-01
   4.1977954e-01
   3.2890695e-01
   3.1341001e-01
   3.5192370e-01
   3.9717677e-01
   3.8063687e-01
   4.1760248e-01
   4.1090855e-01
   3.5259604e-01
   2.9029161e-01
   4.1352928e-01
   3.8426676e-01
   4.5436305e-01
   4.2117456e-01
   4.6217304e-01
   3.5745573e-01
   3.3785778e-01
   4.3102589e-01
   3.6155960e-01
   3.3807456e-01
   3.5672921e-01
   3.4239554e-01
   3.4992695e-01
   3.8043201e-01
   4.0110648e-01
   3.7344059e-01
   3.3504829e-01
   4.0067551e-01
   3.6656618e-01
   4.1945603e-01
   4.6815094e-01
   4.1396150e-01
   4.8237211e-01
   8.2869220e-01
   8.7059730e-01
   5.5320400e-01
   6.7331594e-01
   1.6068659e+00
   1.5061423e+00
   1.4847354e+00
   3.6758442e+00
   5.5375504e+00
   5.0252228e+00
   5.1230831e+00
   5.8569427e+00
   6.4432807e+00
   6.8378496e+00
   7.8976898e+00
   7.1776052e+00
   6.8147125e+00
   7.5638928e+00
   9.0751276e+00
   9.8548622e+00
   8.3137856e+00
   1.0649676e+01
   8.7851200e+00
   6.3850250e+00
   6.1733003e+00
   6.2698894e+00
   5.4524808e+00
   1.0892356e+01
   1.7897055e+01
   1.8330116e+01
   1.8653641e+01
   1.8335823e+01
   1.7538513e+01
   1.6471254e+01
   9.8944435e+00
   1.1363383e+01
   1.6428017e+01
   1.0522818e+01
   1.3471776e+01
   1.2473634e+01
   7.4824848e+00
   5.0403805e+00
   3.7980871e+00
   3.6251736e+00
   3.5761442e+00
   3.5184231e+00
   3.0330539e+00
   2.7454610e+00
   2.2818203e+00
   3.3769488e+00
   3.8026414e+00
   4.4536381e+00
   5.1175780e+00
   4.4071817e+00
   3.9437795e+00
   3.4080029e+00
   2.4639838e+00
   2.1195149e+00
   1.8429614e+00
   1.0694150e+00
   8.6962217e-01
   5.5509704e-01
   1.0205352e+00
   1.0968174e+00
   7.8805405e-01
   6.5749764e-01
   6.1196780e-01
   4.1265276e-01
   5.2140427e-01
   6.5470797e-01
   3.1813252e-01
   4.1244221e-01
   4.4262311e-01
   3.4649858e-01
   3.2314566e-01
   3.2319322e-01
   3.3714023e-01
   3.3673674e-01
   3.6087885e-01
   3.1123781e-01
   3.5169610e-01
   4.1111138e-01
   3.2976547e-01
   3.3217302e-01
   3.3700839e-01
   3.7320182e-01
   3.3859208e-01
