   2.9181737e-01
   2.6801348e-01
   4.1073978e-01
   4.3680653e-01
   3.8114947e-01
   3.6385885e-01
   3.0689186e-01
   3.0056235e-01
   3.4004584e-01
   3.5037401e-01
   4.1221520e-01
   4.2246932e-01
   3.8284248e-01
   4.5818782e-01
   3.3209357e-01
   3.5729071e-01
   3.7193543e-01
   3.2289732e-01
   3.3367088e-01
   4.9934095e-01
   6.4977211e-01
   7.9919863e-01
   7.9558676e-01
   7.8547299e-01
   7.7816761e-01
   8.4585822e-01
   8.6330062e-01
   8.1427729e-01
   3.9641750e+00
   2.0639685e+01
   4.1029690e+01
   4.0577595e+01
   3.9383728e+01
   4.0981754e+01
   4.3768024e+01
   3.2547226e+01
   9.5771437e+00
   1.5013112e+00
   7.9641736e-01
   1.0511440e+00
   1.1916256e+00
   8.9854658e-01
   9.1494209e-01
   9.7712433e-01
   9.1173661e-01
   5.4580939e-01
   7.4349332e-01
   5.1576716e-01
   3.8945910e-01
   3.9438781e-01
   3.2683608e-01
   4.0710703e-01
   4.2752013e-01
   3.4477541e-01
   3.3691153e-01
   3.4637326e-01
   3.4403223e-01
   2.9318804e-01
   3.5870922e-01
   3.1272560e-01
